CHUNKS TO HEX

1, 2 090 119 040 821 435 015

2 090 119 040 821 435 015 | 16
——————————————————————————+——————————————————————————
0 130 632 440 051 339 688 | ,4375 = 7
0 008 164 527 503 208 730 | ,5    = 8
0 000 510 282 968 950 545 | ,625  = 10 = a
0 000 031 892 685 559 409 | ,0625 = 1
——————————————————————————+——————————————————————————
0 000 001 993 292 847 463 | ,0625 = 1
0 000 000 124 580 802 966 | ,4375 = 7
0 000 000 007 786 300 185 | ,375  = 6
0 000 000 000 486 643 761 | ,5625 = 9
——————————————————————————+——————————————————————————
0 000 000 000 030 415 235 | ,0625 = 1
0 000 000 000 001 900 952 | ,1875 = 3
0 000 000 000 000 118 809 | ,5    = 8
0 000 000 000 000 007 425 | ,5625 = 9
——————————————————————————+——————————————————————————
0 000 000 000 000 000 464 | ,0625 = 1
0 000 000 000 000 000 029 | ,0    = 0
0 000 000 000 000 000 001 | ,8125 = 13 = d

1, 1d01 9831 9671 1a87

1, 1d01 9831 9671 1a87
+
1, 0b3d e51c d2c3 e214
======================
78a1 1769 1389 10d1, 1
+
412e 3c2d c15e d3b0, 1
======================
b9cf 4386 d4d7 e381, 2 value
0000 0101 0001 0010, 0 overflow
======================
b9cf 4386 d4d7 e381, 2 value
 000 0010 1000 1001, 00 overflow
======================
b9cf 4396 e4d7 f382, 2 result

2, 283f 7d4e 6934 fc9b — hand calculated result
2, 283f 7d4e 6934 fc9b — program result

HEX TO DECIMAL

2, 283f 7d4e 6934 fc9b

2 * 16**16 =  2 * 18 446 744 073 709 551 616 = 36 893 488 147 419 103 232

2 * 16**15 =  2 *  1 152 921 504 606 846 976 = 2 305 843 009 213 693 952
8 * 16**14 =  8 *     72 057 594 037 927 936 =   576 460 752 303 423 488
3 * 16**13 =  3 *      4 503 599 627 370 496 =    13 510 798 882 111 488
f * 16**12 = 15 *        281 474 976 710 656 =     4 222 124 650 659 840
                                              +2 900 036 685 049 888 768

7 * 16**11 =  7 * 17 592 186 044 416 = 123 145 302 310 912
d * 16**10 = 13 *  1 099 511 627 776 =  14 293 651 161 088
4 * 16**09 =  4 *     68 719 476 736 =     274 877 906 944
e * 16**08 = 14 *      4 294 967 296 =      60 129 542 144
                                      +137 773 960 921 088
                                       
6 * 16**07 =  6 * 268 435 456 = 1 610 612 736
9 * 16**06 =  9 *  16 777 216 =   150 994 944
3 * 16**05 =  3 *   1 048 576 =     3 145 728
4 * 16**04 =  4 *      65 536 =       262 144
                               +1 765 015 552
                                
f * 16**03 = 15 * 4 096 = 61 440
c * 16**02 = 12 *   256 =  3 072
9 * 16**01 =  9 *    16 =    144
b * 16**00 = 11 *     1 =     11
                         +64 667


36 893 488 147 419 103 232 + 2 900 174 460 775 890 075

39 793 662 608 194 993 307 — hand calculated result
39 793 662 608 194 993 307 — program result

================================================================================================================================
Multiplication test:
================================================================================================================================

1 dd14 4dde a522 4d4b
+
1 7775 5aad 10cc 48b9
=====================
b4d4 226a edd4 41dd 1
+
9b84 cc01 daa5 5777 1
=====================
0518 4461 7339 9800 2
2120 1101 2220 0022 0
=====================
4f58 ee6b b779 9844 2
>101 0000 0111 0001 10
=====================
4069 ee6b b88a 9845 3
=====================
3 5489 a88b b6ee 9604 < hand calculated
3 5489 a88b b5ee 9604 < puter result



====================================================================
1 dd14 4dde a522 4d4b
*
1 7775 5aad 10cc 48b9
====================================================================
b4d4 226a edd4 41dd 1
*
9b84 cc01 daa5 5777 1
====================================================================
011_004_013_004 002_002_006_010 014_013_013_004 004_001_013_013 001
*
009_001_008_004 012_012_000_001 013_010_010_005 005_007_007_007 001
====================================================================
03 10 07 11 04 03 07 13 03 13 12 11 06 11 05 12 00
11 04 13 04 02 02 06 10 14 13 13 04 04 01 13 13 01
08 05 10 06 02 01 01 03 05 15 14 06 02 10 08 14 14
12 02 05 03 09 08 08 09 10 07 07 03 01 05 04 07 07
04 08 15 09 11 09 09 12 15 06 06 10 03 15 12 05 06
04 08 15 09 11 09 09 12 15 06 06 10 03 15 12 05 06
00 00 00 00 00 00 00 00 00 00 00 00 00 00 00 00 00
11 04 13 04 02 02 06 10 14 13 13 04 04 01 13 13 01
15 12 12 14 13 11 15 06 14 04 04 15 07 00 10 03 08
14 14 04 00 07 05 13 07 02 11 10 00 11 12 02 10 02
14 14 04 00 07 05 13 07 02 11 10 00 11 12 02 10 02
07 07 02 08 11 10 14 03 09 05 05 08 05 06 01 05 09
07 07 02 08 11 10 14 03 09 05 05 08 05 06 01 05 09
13 00 13 01 00 15 10 08 06 01 01 02 14 08 11 00 13
13 00 13 01 00 15 10 08 06 01 01 02 14 08 11 00 13
13 00 13 01 00 15 10 08 06 01 01 02 14 08 11 00 13
11 04 13 04 02 02 06 10 14 13 13 04 04 01 13 13 01
====================================================================
3 a 7 b 4 3 7 d 3 d c b 6 b 5 c 0 1
b 4 d 4 2 2 6 a e d d 4 4 1 d d 1 0
8 5 a 6 2 1 1 3 5 f e 6 2 a 8 e e 0
c 2 5 3 9 8 8 9 a 7 7 3 1 5 4 7 7 0
4 8 f 9 b 9 9 c f 6 6 a 3 f c 5 6 1
4 8 f 9 b 9 9 c f 6 6 a 3 f c 5 6 1
0 0 0 0 0 0 0 0 0 0 0 0 0 0 0 0 0 0
b 4 d 4 2 2 6 a e d d 4 4 1 d d 1 0
f c c e d b f 6 e 4 4 f 7 0 a 3 8 1
e e 4 0 7 5 d 7 2 b a 0 b c 2 a 2 1
e e 4 0 7 5 d 7 2 b a 0 b c 2 a 2 1
7 7 2 8 b a e 3 9 5 5 8 5 6 1 5 9 0
7 7 2 8 b a e 3 9 5 5 8 5 6 1 5 9 0
d 0 d 1 0 f a 8 6 1 1 2 e 8 b 0 d 0
d 0 d 1 0 f a 8 6 1 1 2 e 8 b 0 d 0
d 0 d 1 0 f a 8 6 1 1 2 e 8 b 0 d 0
b 4 d 4 2 2 6 a e d d 4 4 1 d d 1 0
====================================================================
3 a 7 b 4 3 7 d 3 d c b 6 b 5 c 0 1
  b 4 d 4 2 2 6 a e d d 4 4 1 d d 1 0
3   8 5 a 6 2 1 1 3 5 f e 6 2 a 8 e e 0
  5   c 2 5 3 9 8 8 9 a 7 7 3 1 5 4 7 7 0
  1 3   4 8 f 9 b 9 9 c f 6 6 a 3 f c 5 6 1
    1 9   4 8 f 9 b 9 9 c f 6 6 a 3 f c 5 6 1
      2 8   0 0 0 0 0 0 0 0 0 0 0 0 0 0 0 0 0 0
        1 c   b 4 d 4 2 2 6 a e d d 4 4 1 d d 1 0
          1     f c c e d b f 6 e 4 4 f 7 0 a 3 8 1
                  e e 4 0 7 5 d 7 2 b a 0 b c 2 a 2 1
                    e e 4 0 7 5 d 7 2 b a 0 b c 2 a 2 1
                      7 7 2 8 b a e 3 9 5 5 8 5 6 1 5 9 0
                        7 7 2 8 b a e 3 9 5 5 8 5 6 1 5 9 0
                          d 0 d 1 0 f a 8 6 1 1 2 e 8 b 0 d 0
                            d 0 d 1 0 f a 8 6 1 1 2 e 8 b 0 d 0
                              d 0 d 1 0 f a 8 6 1 1 2 e 8 b 0 d 0
                                b 4 d 4 2 2 6 a e d d 4 4 1 d d 1 0
====================================================================
короче проверил и все сходится - писал программу для программы
